inf
inf
inf
inf
inf
inf
inf
2.862316608428955078e+00
2.782140016555786133e+00
2.765166997909545898e+00
2.759417772293090820e+00
2.779382467269897461e+00
1.740445613861083984e+00
1.732799887657165527e+00
1.687554359436035156e+00
1.689889311790466309e+00
1.674121022224426270e+00
1.699288368225097656e+00
1.718109846115112305e+00
1.713051915168762207e+00
1.747689247131347656e+00
inf
inf
inf
inf
inf
inf
7.578008174896240234e-01
7.493336200714111328e-01
7.265443801879882812e-01
7.155793905258178711e-01
7.016874551773071289e-01
6.907466650009155273e-01
6.756740808486938477e-01
6.944748759269714355e-01
6.769661903381347656e-01
6.769912838935852051e-01
6.753466129302978516e-01
6.893946528434753418e-01
6.693649888038635254e-01
6.746629476547241211e-01
6.978222131729125977e-01
6.918846368789672852e-01
7.036390900611877441e-01
7.161918878555297852e-01
7.204933166503906250e-01
7.379968762397766113e-01
7.693783044815063477e-01
inf
inf
inf
inf
inf
inf
inf
inf
inf
inf
inf
inf
inf
3.459930419921875000e+00
3.422363281250000000e+00
1.657333254814147949e+00
1.616434454917907715e+00
1.579528093338012695e+00
1.591454505920410156e+00
1.588775634765625000e+00
1.587791919708251953e+00
1.592288136482238770e+00
1.600055575370788574e+00
1.623070597648620605e+00
1.664139986038208008e+00
3.181577444076538086e+00
3.145394086837768555e+00
3.145952701568603516e+00
3.110086441040039062e+00
3.116611003875732422e+00
3.004222393035888672e+00
2.844716310501098633e+00
2.698558568954467773e+00
2.591252565383911133e+00
2.534989833831787109e+00
2.522972822189331055e+00
2.513420343399047852e+00
2.507094860076904297e+00
2.519098520278930664e+00
2.522776842117309570e+00
2.498961210250854492e+00
2.502759695053100586e+00
2.497953653335571289e+00
2.452987194061279297e+00
2.368430852890014648e+00
2.303272724151611328e+00
2.248716354370117188e+00
2.184695005416870117e+00
2.123122930526733398e+00
2.100115299224853516e+00
2.037224769592285156e+00
1.999820232391357422e+00
1.952202081680297852e+00
1.919058084487915039e+00
1.862640500068664551e+00
1.833688855171203613e+00
1.815511584281921387e+00
1.789645552635192871e+00
1.745915055274963379e+00
1.715718030929565430e+00
1.698162555694580078e+00
1.654513597488403320e+00
1.635091781616210938e+00
1.621544599533081055e+00
1.592648983001708984e+00
1.573626279830932617e+00
1.549186110496520996e+00
1.525397896766662598e+00
1.531162977218627930e+00
1.506760239601135254e+00
1.494409084320068359e+00
1.469338297843933105e+00
1.445802211761474609e+00
1.456662416458129883e+00
1.421605825424194336e+00
1.415136218070983887e+00
1.401559472084045410e+00
1.395859479904174805e+00
1.386836528778076172e+00
1.342610001564025879e+00
1.359157085418701172e+00
1.346975088119506836e+00
1.327304363250732422e+00
1.349928736686706543e+00
1.332632541656494141e+00
1.316164612770080566e+00
1.314751148223876953e+00
1.299294352531433105e+00
1.311405420303344727e+00
1.288745880126953125e+00
1.280687093734741211e+00
1.278934121131896973e+00
1.297230958938598633e+00
1.287255764007568359e+00
1.280523896217346191e+00
1.265222549438476562e+00
1.273206114768981934e+00
1.270525217056274414e+00
1.260118603706359863e+00
1.261311650276184082e+00
1.264950394630432129e+00
1.258550882339477539e+00
1.254557728767395020e+00
1.265395164489746094e+00
1.256829380989074707e+00
1.261561036109924316e+00
1.285188794136047363e+00
1.253767848014831543e+00
1.277261614799499512e+00
1.263432860374450684e+00
1.229054450988769531e+00
1.203534483909606934e+00
1.184178948402404785e+00
1.174985170364379883e+00
1.144310593605041504e+00
1.109217524528503418e+00
1.083191990852355957e+00
1.095534324645996094e+00
1.040759086608886719e+00
1.023150086402893066e+00
1.017333984375000000e+00
9.941251277923583984e-01
9.989398717880249023e-01
9.687586426734924316e-01
9.568639397621154785e-01
9.727177023887634277e-01
9.267947673797607422e-01
9.094945788383483887e-01
9.189618229866027832e-01
9.091100692749023438e-01
9.017150402069091797e-01
8.894692063331604004e-01
8.760064244270324707e-01
8.622484803199768066e-01
8.701228499412536621e-01
8.337649703025817871e-01
8.464688062667846680e-01
8.279234766960144043e-01
8.162617683410644531e-01
8.091767430305480957e-01
8.172429800033569336e-01
8.196340799331665039e-01
8.085556626319885254e-01
8.004616498947143555e-01
7.961304187774658203e-01
8.035162687301635742e-01
7.780858278274536133e-01
7.706595063209533691e-01
7.810761332511901855e-01
7.837139964103698730e-01
7.909824252128601074e-01
7.695173621177673340e-01
7.753762602806091309e-01
7.785247564315795898e-01
7.772006988525390625e-01
7.672417163848876953e-01
7.636610269546508789e-01
7.857044935226440430e-01
7.484795451164245605e-01
7.672187685966491699e-01
7.660871148109436035e-01
7.701138257980346680e-01
7.816390395164489746e-01
7.520814538002014160e-01
7.779269218444824219e-01
7.661714553833007812e-01
7.598254084587097168e-01
7.480068206787109375e-01
7.618702054023742676e-01
7.842515110969543457e-01
7.722632884979248047e-01
7.808955311775207520e-01
7.801090478897094727e-01
7.751433849334716797e-01
7.833005785942077637e-01
7.787737846374511719e-01
7.802471518516540527e-01
7.850238084793090820e-01
8.025939464569091797e-01
7.897307276725769043e-01
8.061239719390869141e-01
8.063628077507019043e-01
8.061522841453552246e-01
8.146823644638061523e-01
8.254798054695129395e-01
8.353185653686523438e-01
8.382318615913391113e-01
8.614904284477233887e-01
8.409482240676879883e-01
8.744412660598754883e-01
8.721204400062561035e-01
8.897338509559631348e-01
8.803752064704895020e-01
8.956315517425537109e-01
9.168401360511779785e-01
9.087874293327331543e-01
9.196035861968994141e-01
9.431883692741394043e-01
9.557318091392517090e-01
9.586305618286132812e-01
9.764529466629028320e-01
9.836849570274353027e-01
1.011612653732299805e+00
1.008394360542297363e+00
1.037960529327392578e+00
1.046304106712341309e+00
1.060103893280029297e+00
1.088492393493652344e+00
1.117483854293823242e+00
1.138511300086975098e+00
1.166261076927185059e+00
1.174002289772033691e+00
1.201591253280639648e+00
1.239173173904418945e+00
1.249160885810852051e+00
1.301889777183532715e+00
1.323369383811950684e+00
1.329355835914611816e+00
1.388640046119689941e+00
1.417690515518188477e+00
1.480467200279235840e+00
1.506837964057922363e+00
1.507400274276733398e+00
1.503179669380187988e+00
1.515514016151428223e+00
1.501453518867492676e+00
1.504133224487304688e+00
1.513736248016357422e+00
1.514153242111206055e+00
1.503861784934997559e+00
1.520595192909240723e+00
1.522914409637451172e+00
1.525586366653442383e+00
1.540216445922851562e+00
1.557153105735778809e+00
1.549288034439086914e+00
1.639154791831970215e+00
1.760912299156188965e+00
1.877713203430175781e+00
2.056722402572631836e+00
2.147613525390625000e+00
2.171057462692260742e+00
2.183098316192626953e+00
2.179467439651489258e+00
2.206031084060668945e+00
2.222736120223999023e+00
2.234999656677246094e+00
2.247947454452514648e+00
2.281241893768310547e+00
2.304842710494995117e+00
2.360168457031250000e+00
2.333659887313842773e+00
2.365331649780273438e+00
2.398325681686401367e+00
2.417322158813476562e+00
2.448015213012695312e+00
2.469471454620361328e+00
2.517738580703735352e+00
2.544146299362182617e+00
2.578222274780273438e+00
8.334400653839111328e-01
8.044854402542114258e-01
7.901805043220520020e-01
7.612562179565429688e-01
7.741541266441345215e-01
7.399447560310363770e-01
7.605747580528259277e-01
7.299376726150512695e-01
7.523758411407470703e-01
7.479255795478820801e-01
7.438009381294250488e-01
7.301944494247436523e-01
7.226848602294921875e-01
7.673953771591186523e-01
7.703896760940551758e-01
7.774337530136108398e-01
7.915314435958862305e-01
7.861893177032470703e-01
8.291057944297790527e-01
3.499061346054077148e+00
3.495986223220825195e+00
3.473364830017089844e+00
3.482119798660278320e+00
3.472169876098632812e+00
3.491049528121948242e+00
3.500000000000000000e+00
inf
inf
1.810197353363037109e+00
1.755082845687866211e+00
1.729797959327697754e+00
1.734158158302307129e+00
1.704462170600891113e+00
1.716374635696411133e+00
1.725600838661193848e+00
1.733386278152465820e+00
1.767608404159545898e+00
1.834548473358154297e+00
2.781141757965087891e+00
2.767208099365234375e+00
2.776196241378784180e+00
2.808858633041381836e+00
2.856791257858276367e+00
inf
inf
inf
inf
inf
inf
inf
inf
inf
